NA NA NA 1.5096304821876416
bm3 1 2000000 2.9485837480919903
bm007 1 293484 2.8722802834579935
bmX 1 1918743 0.3414617859059592
bm4 1 673362 4.1228786525696135
bm1 1 2000000 0.8721278235592462
bm007 293485 586968 0.10470768668593507
bm007 586969 880452 3.160140157448279
bm4 673363 1346724 0.11794965255192164
bm2 1 676892 0.5915298264997093
bm2 676893 1353784 2.3820567100343073
bm2 1353785 2030676 2.262756284530339
bmX 1918744 3837486 5.054137815915739
bm3 2000001 4000000 0.5502934232222615
bm2 2030677 2707568 3.6541063369245057
bm4 1346725 2020086 4.3233659434664045
bm4 1346725 2020086 4.3233659434664045
bm2 2707569 3384460 0.382538331186417
bm4 2020087 2693448 2.644636534419844
bm4 2693449 3366810 0.47506178926419435
bm2 3384461 4061352 0.5729805917134208
bm2 4061353 4738244 1.0437467724067626
bm2 4061353 4738244 1.0437467724067626
bm4 3366811 4040172 2.5714613603228837
bm2 5415137 6092028 1.546206122454813
bm4 4040173 4713534 2.727147126118488
bm4 4713535 5386896 5.183638368580753
bm4 4713535 5386896 5.183638368580753
bm4 4713535 5386896 5.183638368580753
bm1 2000001 4000000 2.3556535064704853
bm2 6092029 6768920 1.2572623133336986
bm4 5386897 6060258 2.2320841007160706
bm4 6060259 6733620 1.0385513678983476
bm4 6733621 7406982 4.640949522476083
bm4 6733621 7406982 4.640949522476083
bm1 4000001 6000000 0
bm1 6000001 8000000 0.4945761284931746
bm4 7406983 8080344 3.450542040849897
bm4 8080345 8753706 2.077398285414336
bm4 8753707 9427068 0.05219154249813562
bm4 9427069 10100430 1.2336744310301098
bm4 10100431 10773792 1.5433120085155898
bm4 10773793 11447154 0.15967051579439887
bm4 11447155 12120516 3.5216755599783065
bm4 12120517 12793878 0.856908823650931
bm4 12793879 13467240 3.0343300063528775
bm2 7445813 8122704 0.13948291996423093
bm2 8122705 8799596 1.8513809635854261
bm2 8799597 9476488 2.6683901152626612
bm2 9476489 10153380 0.5971323369757793
bm2 10153381 10830272 2.166531481587459
bm2 10830273 11507164 2.0608304472729997
bm2 11507165 12184056 1.2164281684429863
bmX 5756230 7674972 4.551725008704294
bm2 12184057 12860948 7.593241932380281
bm2 12860949 13537840 2.0629727062226504
bm2 13537841 14214732 4.024760213760503
bmX 9593716 11512458 3.5164068536254955
bmX 11512459 13431201 1.1044124831894506
bmX 13431202 15349944 3.8736003703814723
bmX 15349945 17268687 3.707426557515601
bmX 15349945 17268687 3.707426557515601
bmX 19187431 21106173 1.469520959506216
bmX 21106174 23024916 2.1641717792773676
bmX 23024917 24943659 0.476456607251155
