NA NA NA 2.4407832094872037
bm3 1 2000000 1.8237137000325039
bm007 1 293484 3.167759334224198
bmX 1 1918743 0.7851470847343021
bm4 1 673362 3.444066503524629
bm1 1 2000000 1.5970834581211213
bm007 293485 586968 0.4096309806213585
bm007 586969 880452 5.158287175116268
bm4 673363 1346724 0.18085057407065425
bm2 1 676892 0.10182351176442377
bm2 676893 1353784 0.8735490409239001
bm2 1353785 2030676 1.2820910250559328
bmX 1918744 3837486 5.07923997957719
bm3 2000001 4000000 0.3580535530491286
bm2 2030677 2707568 1.7314018020056356
bm4 1346725 2020086 4.67861785623642
bm4 1346725 2020086 4.67861785623642
bm2 2707569 3384460 0.35498524425070677
bm4 2020087 2693448 3.598273425940604
bm4 2693449 3366810 1.4515017979621354
bm2 3384461 4061352 0.0793453396789696
bm2 4061353 4738244 4.62575556371292
bm2 4061353 4738244 4.62575556371292
bm4 3366811 4040172 0.2964262771271234
bm2 5415137 6092028 0.86146313662104
bm4 4040173 4713534 0.559442376497422
bm4 4713535 5386896 6.068223768177917
bm4 4713535 5386896 6.068223768177917
bm4 4713535 5386896 6.068223768177917
bm1 2000001 4000000 4.638473246183138
bm2 6092029 6768920 1.5751816107852579
bm4 5386897 6060258 2.4456982357936274
bm4 6060259 6733620 2.2692006031005247
bm4 6733621 7406982 4.214279249405046
bm4 6733621 7406982 4.214279249405046
bm1 4000001 6000000 0.4573064069973194
bm1 6000001 8000000 1.6663948503945114
bm4 7406983 8080344 2.78871066004431
bm4 8080345 8753706 1.850236154152727
bm4 8753707 9427068 0.7383735543497713
bm4 9427069 10100430 1.8639372613891072
bm4 10100431 10773792 1.0014913362716382
bm4 10773793 11447154 0.2402770783141738
bm4 11447155 12120516 2.82643540607439
bm4 12120517 12793878 0.913122638866619
bm4 12793879 13467240 2.146893370952773
bm2 7445813 8122704 0.08005863297244366
bm2 8122705 8799596 1.0436356744918063
bm2 8799597 9476488 1.797296714554592
bm2 9476489 10153380 0.7436080282496914
bm2 10153381 10830272 1.4628368163598606
bm2 10830273 11507164 0.9369096347233863
bm2 11507165 12184056 2.0925095468645973
bmX 5756230 7674972 1.7361589021469177
bm2 12184057 12860948 3.36418957707823
bm2 12860949 13537840 2.3466168411782102
bm2 13537841 14214732 3.975970553195115
bmX 9593716 11512458 2.229867975266226
bmX 11512459 13431201 2.8659641330673593
bmX 13431202 15349944 5.7515131562973
bmX 15349945 17268687 6.020029952401687
bmX 15349945 17268687 6.020029952401687
bmX 19187431 21106173 3.027528569135953
bmX 21106174 23024916 3.148148866334364
bmX 23024917 24943659 1.0539784310462794
