NA NA NA 2.3524461144132807
bm3 1 2000000 3.4350537349004067
bm007 1 293484 2.5638059771364485
bmX 1 1918743 0.24272626906961278
bm4 1 673362 3.4137152496238925
bm1 1 2000000 1.3828077807195847
bm007 293485 586968 0.4529374873480429
bm007 586969 880452 2.7691797320648286
bm4 673363 1346724 0.6939222372532404
bm2 1 676892 0.9867786163423249
bm2 676893 1353784 2.881452995477104
bm2 1353785 2030676 2.8077686070687613
bmX 1918744 3837486 4.646417324512777
bm3 2000001 4000000 0.4130188393131515
bm2 2030677 2707568 3.6069594564699647
bm4 1346725 2020086 3.595873297782512
bm4 1346725 2020086 3.595873297782512
bm2 2707569 3384460 0.603463745205095
bm4 2020087 2693448 1.2891867296851471
bm4 2693449 3366810 1.0768942485031734
bm2 3384461 4061352 0.5564686552400314
bm2 4061353 4738244 1.421892742925018
bm2 4061353 4738244 1.421892742925018
bm4 3366811 4040172 2.806169364138896
bm2 5415137 6092028 1.8997713443929598
bm4 4040173 4713534 2.9445548858259225
bm4 4713535 5386896 4.50959384270164
bm4 4713535 5386896 4.50959384270164
bm4 4713535 5386896 4.50959384270164
bm1 2000001 4000000 1.7933005830324389
bm2 6092029 6768920 1.0198584499248684
bm4 5386897 6060258 2.5351832900739444
bm4 6060259 6733620 1.1274672116772506
bm4 6733621 7406982 3.581841824695719
bm4 6733621 7406982 3.581841824695719
bm1 4000001 6000000 0.04284391976132073
bm1 6000001 8000000 0.4984117254404729
bm4 7406983 8080344 3.8804413336025756
bm4 8080345 8753706 2.80824880685411
bm4 8753707 9427068 0.06235730522263264
bm4 9427069 10100430 1.2263596285982077
bm4 10100431 10773792 1.3147771403328756
bm4 10773793 11447154 0.10946085916494327
bm4 11447155 12120516 3.3949116651818807
bm4 12120517 12793878 0.9018774752592833
bm4 12793879 13467240 2.9508135558475437
bm2 7445813 8122704 0.4194223925564429
bm2 8122705 8799596 2.183147278474188
bm2 8799597 9476488 4.455337643841332
bm2 9476489 10153380 0.7819417104509089
bm2 10153381 10830272 2.699560182953274
bm2 10830273 11507164 1.9165968321704585
bm2 11507165 12184056 1.7800171203036916
bmX 5756230 7674972 5.617174069716819
bm2 12184057 12860948 7.220899993160858
bm2 12860949 13537840 2.4103793697200104
bm2 13537841 14214732 3.7504385379162977
bmX 9593716 11512458 3.165396093294087
bmX 11512459 13431201 0.7057311299785882
bmX 13431202 15349944 2.510559933502562
bmX 15349945 17268687 2.3066467807537308
bmX 15349945 17268687 2.3066467807537308
bmX 19187431 21106173 1.312471755823536
bmX 21106174 23024916 2.244116198397771
bmX 23024917 24943659 0.43754256156521965
