NA NA NA 3.1793533165455665
bm3 1 2000000 2.835250861578729
bm007 1 293484 0
bmX 1 1918743 0.37165754794092354
bm4 1 673362 0
bm1 1 2000000 2.2436567436782253
bm007 293485 586968 0
bm007 586969 880452 1.588587762774371
bm4 673363 1346724 1.189701865295632
bm2 1 676892 0
bm2 676893 1353784 0
bm2 1353785 2030676 4.216993660399369
bmX 1918744 3837486 1.9531227320792621
bm3 2000001 4000000 1.0039616064677497
bm2 2030677 2707568 0
bm4 1346725 2020086 0
bm4 1346725 2020086 0
bm2 2707569 3384460 0
bm4 2020087 2693448 0
bm4 2693449 3366810 0
bm2 3384461 4061352 0
bm2 4061353 4738244 0.17667829570624524
bm2 4061353 4738244 0.17667829570624524
bm4 3366811 4040172 3.7026749398391288
bm2 5415137 6092028 0.6216332160575636
bm4 4040173 4713534 0.6122803032124294
bm4 4713535 5386896 5.101091478262298
bm4 4713535 5386896 5.101091478262298
bm4 4713535 5386896 5.101091478262298
bm1 2000001 4000000 3.202297583411963
bm2 6092029 6768920 2.808069600403423
bm4 5386897 6060258 0.9165798268831671
bm4 6060259 6733620 0.4919838947506099
bm4 6733621 7406982 2.3278090684747115
bm4 6733621 7406982 2.3278090684747115
bm1 4000001 6000000 0
bm1 6000001 8000000 0
bm4 7406983 8080344 0
bm4 8080345 8753706 0
bm4 8753707 9427068 0
bm4 9427069 10100430 0
bm4 10100431 10773792 0
bm4 10773793 11447154 0
bm4 11447155 12120516 0
bm4 12120517 12793878 0
bm4 12793879 13467240 1.2002183849831178
bm2 7445813 8122704 0
bm2 8122705 8799596 0
bm2 8799597 9476488 0
bm2 9476489 10153380 0
bm2 10153381 10830272 0
bm2 10830273 11507164 0
bm2 11507165 12184056 2.0737463832349676
bmX 5756230 7674972 5.97196755201702
bm2 12184057 12860948 0.587741818792901
bm2 12860949 13537840 0
bm2 13537841 14214732 3.458402544564184
bmX 9593716 11512458 3.8187576803231478
bmX 11512459 13431201 0
bmX 13431202 15349944 0.8286303631950712
bmX 15349945 17268687 0
bmX 15349945 17268687 0
bmX 19187431 21106173 0
bmX 21106174 23024916 0.8866453483995489
bmX 23024917 24943659 0.8082412888699068
