NA NA NA 0.05145667702117941
bm3 1 2000000 0.7332920755894919
bm007 1 293484 0.47927971963311966
bmX 1 1918743 0.36327426327843126
bm4 1 673362 1.7026611999866108
bm1 1 2000000 0.21027320729007462
bm007 293485 586968 0
bm007 586969 880452 1.952251084353547
bm4 673363 1346724 0.6511575710609322
bm2 1 676892 0
bm2 676893 1353784 0
bm2 1353785 2030676 1.070015724555077
bmX 1918744 3837486 1.739893564154614
bm3 2000001 4000000 0.7072533213606433
bm2 2030677 2707568 0.7343482645322112
bm4 1346725 2020086 2.5735475812980693
bm4 1346725 2020086 2.5735475812980693
bm2 2707569 3384460 0.02588352415649335
bm4 2020087 2693448 0.22100532479546317
bm4 2693449 3366810 1.8041080928007398
bm2 3384461 4061352 0.19456555908862613
bm2 4061353 4738244 0.11250197790366868
bm2 4061353 4738244 0.11250197790366868
bm4 3366811 4040172 1.147718443151898
bm2 5415137 6092028 0.47539985427953774
bm4 4040173 4713534 0.8104875254177086
bm4 4713535 5386896 4.222215371181488
bm4 4713535 5386896 4.222215371181488
bm4 4713535 5386896 4.222215371181488
bm1 2000001 4000000 1.9813056038079895
bm2 6092029 6768920 0.6065568811125824
bm4 5386897 6060258 0.4082955657939998
bm4 6060259 6733620 1.1609024447295835
bm4 6733621 7406982 1.6370132693822521
bm4 6733621 7406982 1.6370132693822521
bm1 4000001 6000000 0
bm1 6000001 8000000 0
bm4 7406983 8080344 0.8777697667784886
bm4 8080345 8753706 0.0377396005991995
bm4 8753707 9427068 0
bm4 9427069 10100430 0.19122720405835353
bm4 10100431 10773792 0.9929335337813942
bm4 10773793 11447154 0.09756731287291971
bm4 11447155 12120516 0.6345498243177871
bm4 12120517 12793878 0.3571851615650776
bm4 12793879 13467240 0.6987087778377202
bm2 7445813 8122704 0.7283041059866138
bm2 8122705 8799596 0.22942303388500762
bm2 8799597 9476488 0.8020951723990006
bm2 9476489 10153380 0.027182367124592877
bm2 10153381 10830272 0.21904829732133402
bm2 10830273 11507164 0.1458261184824142
bm2 11507165 12184056 1.467108981920974
bmX 5756230 7674972 1.4299494526474898
bm2 12184057 12860948 1.2750624888473063
bm2 12860949 13537840 0.27302376769589365
bm2 13537841 14214732 2.6647571311451657
bmX 9593716 11512458 1.4890866265939668
bmX 11512459 13431201 0.6567478191947198
bmX 13431202 15349944 1.3728431953921965
bmX 15349945 17268687 1.5178254505601567
bmX 15349945 17268687 1.5178254505601567
bmX 19187431 21106173 0.2515582288207962
bmX 21106174 23024916 0.46942028041027395
bmX 23024917 24943659 0
