NA NA NA 2.3136929599049156
bm3 1 2000000 3.2950500016652753
bm007 1 293484 0.16521091623579748
bmX 1 1918743 0.9526999718333887
bm4 1 673362 1.5293739540986473
bm1 1 2000000 2.3258782633357646
bm007 293485 586968 0
bm007 586969 880452 3.7604866760016957
bm4 673363 1346724 0.9622606401736886
bm2 1 676892 0
bm2 676893 1353784 0
bm2 1353785 2030676 1.9338847478098915
bmX 1918744 3837486 3.650592022689446
bm3 2000001 4000000 1.1969226777862418
bm2 2030677 2707568 3.226040579908469
bm4 1346725 2020086 1.3459316800126915
bm4 1346725 2020086 1.3459316800126915
bm2 2707569 3384460 1.0563164663462872
bm4 2020087 2693448 0.9988172267064134
bm4 2693449 3366810 2.977137112522663
bm2 3384461 4061352 0.4221301780813743
bm2 4061353 4738244 0
bm2 4061353 4738244 0
bm4 3366811 4040172 2.0036124902120043
bm2 5415137 6092028 0.5975893337441728
bm4 4040173 4713534 2.2815668068045887
bm4 4713535 5386896 6.3514161862443945
bm4 4713535 5386896 6.3514161862443945
bm4 4713535 5386896 6.3514161862443945
bm1 2000001 4000000 3.2366760624216195
bm2 6092029 6768920 0.9454751129650423
bm4 5386897 6060258 1.3298787678957456
bm4 6060259 6733620 1.1550986429329577
bm4 6733621 7406982 3.772855111271547
bm4 6733621 7406982 3.772855111271547
bm1 4000001 6000000 0
bm1 6000001 8000000 0
bm4 7406983 8080344 2.8886845172312636
bm4 8080345 8753706 1.0135322935811162
bm4 8753707 9427068 0
bm4 9427069 10100430 1.5812326448067557
bm4 10100431 10773792 1.0654106627924924
bm4 10773793 11447154 0
bm4 11447155 12120516 0.5942771827113399
bm4 12120517 12793878 1.195443354815146
bm4 12793879 13467240 0.6047322492913643
bm2 7445813 8122704 0
bm2 8122705 8799596 2.787947575996796
bm2 8799597 9476488 2.078587121634001
bm2 9476489 10153380 0
bm2 10153381 10830272 2.8867896987009134
bm2 10830273 11507164 0.14753790225749217
bm2 11507165 12184056 3.976347733002828
bmX 5756230 7674972 4.300882185025094
bm2 12184057 12860948 2.5765736531857786
bm2 12860949 13537840 0
bm2 13537841 14214732 2.8099122013402225
bmX 9593716 11512458 3.5107496123468622
bmX 11512459 13431201 1.4743540091372074
bmX 13431202 15349944 2.5594012595294258
bmX 15349945 17268687 2.208667233612676
bmX 15349945 17268687 2.208667233612676
bmX 19187431 21106173 0
bmX 21106174 23024916 1.159432852277895
bmX 23024917 24943659 0
