NA NA NA 0.9075763859883101
bm3 1 2000000 1.229951780527547
bm007 1 293484 1.0644893669924027
bmX 1 1918743 0.5791246216470646
bm4 1 673362 4.851191016482113
bm1 1 2000000 0.06616705082340782
bm007 293485 586968 0
bm007 586969 880452 3.3615175500667487
bm4 673363 1346724 0.025809127516295577
bm2 1 676892 0.09375621793199347
bm2 676893 1353784 0
bm2 1353785 2030676 1.8952646143504148
bmX 1918744 3837486 3.8675473587279985
bm3 2000001 4000000 0.5117751675395271
bm2 2030677 2707568 0.7376543166288257
bm4 1346725 2020086 5.152049164273879
bm4 1346725 2020086 5.152049164273879
bm2 2707569 3384460 0.08309896948721522
bm4 2020087 2693448 0.851083374519881
bm4 2693449 3366810 2.971945291453803
bm2 3384461 4061352 0.09618222597100108
bm2 4061353 4738244 0
bm2 4061353 4738244 0
bm4 3366811 4040172 1.8080491035344375
bm2 5415137 6092028 0.7835790215604082
bm4 4040173 4713534 0.15232232653575983
bm4 4713535 5386896 6.457138108276183
bm4 4713535 5386896 6.457138108276183
bm4 4713535 5386896 6.457138108276183
bm1 2000001 4000000 2.4279685440617547
bm2 6092029 6768920 3.0770129014935113
bm4 5386897 6060258 0.7219522461269282
bm4 6060259 6733620 1.3135111439470326
bm4 6733621 7406982 1.8072650599678948
bm4 6733621 7406982 1.8072650599678948
bm1 4000001 6000000 0
bm1 6000001 8000000 0
bm4 7406983 8080344 1.2222871007542149
bm4 8080345 8753706 0
bm4 8753707 9427068 0
bm4 9427069 10100430 0
bm4 10100431 10773792 0
bm4 10773793 11447154 0
bm4 11447155 12120516 0.19152538270302233
bm4 12120517 12793878 0.45461653236504096
bm4 12793879 13467240 0.2395184138946137
bm2 7445813 8122704 0
bm2 8122705 8799596 2.981511936148576
bm2 8799597 9476488 1.249724447511244
bm2 9476489 10153380 0
bm2 10153381 10830272 3.67681243502606
bm2 10830273 11507164 0.1526364417960479
bm2 11507165 12184056 0.6385405227847804
bmX 5756230 7674972 1.4124032593632139
bm2 12184057 12860948 2.9067183275360278
bm2 12860949 13537840 0.5703147678668694
bm2 13537841 14214732 3.9980298274705
bmX 9593716 11512458 2.9430307804848446
bmX 11512459 13431201 2.3631525701253797
bmX 13431202 15349944 4.008391912718471
bmX 15349945 17268687 4.598946865071259
bmX 15349945 17268687 4.598946865071259
bmX 19187431 21106173 1.0153537637268448
bmX 21106174 23024916 2.885828814595072
bmX 23024917 24943659 0.25084639580221085
