NA NA NA 0.5021146650845096
bm3 1 2000000 1.6352549907678346
bm007 1 293484 1.385216756907484
bmX 1 1918743 1.9790232941238501
bm4 1 673362 4.2537467551263015
bm1 1 2000000 0.10080276499948541
bm007 293485 586968 0
bm007 586969 880452 3.797882691881281
bm4 673363 1346724 0.20262082870855036
bm2 1 676892 0
bm2 676893 1353784 0
bm2 1353785 2030676 1.9198125758886613
bmX 1918744 3837486 4.041463479355118
bm3 2000001 4000000 0.9979141592173629
bm2 2030677 2707568 0.9932914035432816
bm4 1346725 2020086 5.004020818349194
bm4 1346725 2020086 5.004020818349194
bm2 2707569 3384460 0.12901192968920358
bm4 2020087 2693448 1.375236597783567
bm4 2693449 3366810 3.647587133575878
bm2 3384461 4061352 0.6999824223220448
bm2 4061353 4738244 0.11591683948954476
bm2 4061353 4738244 0.11591683948954476
bm4 3366811 4040172 1.4244007969514145
bm2 5415137 6092028 0.41485697076730194
bm4 4040173 4713534 0.17205605061728765
bm4 4713535 5386896 6.73427320331987
bm4 4713535 5386896 6.73427320331987
bm4 4713535 5386896 6.73427320331987
bm1 2000001 4000000 2.3635033213906294
bm2 6092029 6768920 3.619679104011288
bm4 5386897 6060258 1.1239948869051715
bm4 6060259 6733620 1.7896956611218853
bm4 6733621 7406982 1.8530728653767323
bm4 6733621 7406982 1.8530728653767323
bm1 4000001 6000000 0
bm1 6000001 8000000 0.11074207647468244
bm4 7406983 8080344 1.3195222715617647
bm4 8080345 8753706 0.45270559610287886
bm4 8753707 9427068 0
bm4 9427069 10100430 0
bm4 10100431 10773792 0.2607585636558981
bm4 10773793 11447154 0.3658711135404526
bm4 11447155 12120516 0.399867248405716
bm4 12120517 12793878 0.34485519228861605
bm4 12793879 13467240 0.3358879495292999
bm2 7445813 8122704 0
bm2 8122705 8799596 1.6064820260665598
bm2 8799597 9476488 1.3131744409699233
bm2 9476489 10153380 0
bm2 10153381 10830272 1.9974188750461104
bm2 10830273 11507164 0.027003261462937408
bm2 11507165 12184056 1.3717255644074362
bmX 5756230 7674972 1.4977886203809196
bm2 12184057 12860948 3.3778373525818086
bm2 12860949 13537840 0.5976279465566425
bm2 13537841 14214732 4.291805133764829
bmX 9593716 11512458 3.394309713664441
bmX 11512459 13431201 2.2164483462282845
bmX 13431202 15349944 4.120722562189271
bmX 15349945 17268687 4.709229612182676
bmX 15349945 17268687 4.709229612182676
bmX 19187431 21106173 0.9691538062975112
bmX 21106174 23024916 2.994066091284436
bmX 23024917 24943659 0.6667638621407067
