NA NA NA 0.04691322507377437
bm3 1 2000000 3.2470456054141934
bm007 1 293484 1.3604123187527022
bmX 1 1918743 2.4521772455492443
bm4 1 673362 3.4160761813035716
bm1 1 2000000 1.588505253486772
bm007 293485 586968 0
bm007 586969 880452 3.4406588800025713
bm4 673363 1346724 1.7786104140489751
bm2 1 676892 1.0822517618427037
bm2 676893 1353784 2.326067734304756
bm2 1353785 2030676 1.686832504938556
bmX 1918744 3837486 3.2334367256772008
bm3 2000001 4000000 1.935992692170756
bm2 2030677 2707568 2.3217854052917017
bm4 1346725 2020086 4.0760548932016984
bm4 1346725 2020086 4.0760548932016984
bm2 2707569 3384460 0.5674551546933947
bm4 2020087 2693448 2.4564194735401426
bm4 2693449 3366810 1.6904337462157053
bm2 3384461 4061352 2.0068661920070774
bm2 4061353 4738244 2.5593005424815196
bm2 4061353 4738244 2.5593005424815196
bm4 3366811 4040172 1.282733651910667
bm2 5415137 6092028 0.27426583649246816
bm4 4040173 4713534 2.133633225823266
bm4 4713535 5386896 3.71561787073915
bm4 4713535 5386896 3.71561787073915
bm4 4713535 5386896 3.71561787073915
bm1 2000001 4000000 2.778588548212872
bm2 6092029 6768920 2.3932745051538653
bm4 5386897 6060258 2.1524561908330293
bm4 6060259 6733620 1.967233545796738
bm4 6733621 7406982 1.8115690564779243
bm4 6733621 7406982 1.8115690564779243
bm1 4000001 6000000 0.020413658150511327
bm1 6000001 8000000 0.8268567716272369
bm4 7406983 8080344 0.9894758391534841
bm4 8080345 8753706 0
bm4 8753707 9427068 0
bm4 9427069 10100430 1.4750488151219108
bm4 10100431 10773792 0.282807771343969
bm4 10773793 11447154 0.11388982379878655
bm4 11447155 12120516 0.46203896529596095
bm4 12120517 12793878 0.44054085174594454
bm4 12793879 13467240 0.535713827062942
bm2 7445813 8122704 0.5800895125601254
bm2 8122705 8799596 1.7136323656555679
bm2 8799597 9476488 4.449172603408316
bm2 9476489 10153380 0.8576528193049996
bm2 10153381 10830272 2.327539638435573
bm2 10830273 11507164 0.05451302442296761
bm2 11507165 12184056 2.636180521113181
bmX 5756230 7674972 2.8958810861704967
bm2 12184057 12860948 2.125107261162567
bm2 12860949 13537840 2.0502648566124746
bm2 13537841 14214732 1.9906422426033163
bmX 9593716 11512458 3.3819499803404844
bmX 11512459 13431201 2.376993636885809
bmX 13431202 15349944 2.481900348185296
bmX 15349945 17268687 2.90466005261293
bmX 15349945 17268687 2.90466005261293
bmX 19187431 21106173 0.5927863826484969
bmX 21106174 23024916 0.8459016746562109
bmX 23024917 24943659 0
