NA NA NA 0
bm3 1 2000000 0
bm007 1 293484 0
bmX 1 1918743 0
bm4 1 673362 0
bm1 1 2000000 0
bm007 293485 586968 0
bm007 586969 880452 0
bm4 673363 1346724 0
bm2 1 676892 0
bm2 676893 1353784 0
bm2 1353785 2030676 0
bmX 1918744 3837486 0
bm3 2000001 4000000 0
bm2 2030677 2707568 0
bm4 1346725 2020086 0
bm4 1346725 2020086 0
bm2 2707569 3384460 0
bm4 2020087 2693448 0
bm4 2693449 3366810 0
bm2 3384461 4061352 0
bm2 4061353 4738244 2.5746452931450428
bm2 4061353 4738244 2.5746452931450428
bm4 3366811 4040172 3.3984501131692735
bm2 5415137 6092028 0
bm4 4040173 4713534 0
bm4 4713535 5386896 0
bm4 4713535 5386896 0
bm4 4713535 5386896 0
bm1 2000001 4000000 0
bm2 6092029 6768920 0
bm4 5386897 6060258 0
bm4 6060259 6733620 0
bm4 6733621 7406982 0
bm4 6733621 7406982 0
bm1 4000001 6000000 0
bm1 6000001 8000000 0
bm4 7406983 8080344 0
bm4 8080345 8753706 0
bm4 8753707 9427068 0
bm4 9427069 10100430 0
bm4 10100431 10773792 0
bm4 10773793 11447154 0
bm4 11447155 12120516 0
bm4 12120517 12793878 0
bm4 12793879 13467240 0
bm2 7445813 8122704 0
bm2 8122705 8799596 0
bm2 8799597 9476488 0
bm2 9476489 10153380 0
bm2 10153381 10830272 0
bm2 10830273 11507164 0
bm2 11507165 12184056 0
bmX 5756230 7674972 3.0667399359960905
bm2 12184057 12860948 0
bm2 12860949 13537840 0
bm2 13537841 14214732 0
bmX 9593716 11512458 5.375280097997791
bmX 11512459 13431201 0
bmX 13431202 15349944 0
bmX 15349945 17268687 0
bmX 15349945 17268687 0
bmX 19187431 21106173 0
bmX 21106174 23024916 0
bmX 23024917 24943659 0
