Well	Well Location	Target	Reporter Dye	Reading 1	Reading 2	Reading 3	Reading 4	Reading 5	Reading 6	Reading 7	Reading 8	Reading 9	Reading 10	Reading 11	Reading 12	Reading 13	Reading 14
1	A1	GAPDH	SYBR	1763.6099	1849.1748	1631.0242	1624.2587	1727.2145	1943.3811	2357.96	11435.8955	475.8596	458.7263	429.8132	384.8254	330.2937	330.2937
2	A2	GAPDH	SYBR	3417.4546	2897.8518	2584.5315	2401.4143	2472.7969	2675.844	3395.2266	15201.6074	729.9361	634.8225	599.392	542.8519	485.2961	485.299
3	A3	GAPDH	SYBR	2511.1587	2326.0603	2087.8159	2030.1915	2262.6733	2463.1379	3568.4885	14717.6133	575.5505	510.9056	481.4469	446.6763	406.9272	406.9297
4	A4	GAPDH	SYBR	2823.2778	2694.9219	2331.2966	2226.9392	2310.4551	2498.7205	3659.1768	13303.4961	544.6861	512.1793	480.8849	439.0953	404.8684	404.8708
5	A5	GAPDH	SYBR	3143.5376	2966.7605	2705.6292	2642.2722	2751.7283	2952.4075	4778.2207	15456.1006	669.8299	590.3192	562.144	503.5736	446.3066	446.3066
6	A6	GAPDH	SYBR	2636.813	2487.1699	2120.2795	2102.8977	2137.718	2262.9802	3850.4265	11035.1719	501.6535	438.2006	443.0664	412.0765	354.1724	354.1745
7	A7	GAPDH	SYBR	3541.1641	3148.1685	2950.938	2929.387	3046.1875	3440.3604	7819.6455	14897.7871	818.6825	730.0455	681.5164	640.9775	544.2642	544.2673
8	A8	GAPDH	SYBR	3314.968	3289.9365	3092.2002	3176.2981	3442.8506	3712.8247	9363.9707	15106.1758	802.8978	708.9265	669.1496	618.3353	503.5025	503.5052
9	A9	GAPDH	SYBR	2322.947	2261.6335	2475.2849	2711.5542	2948.626	3203.8691	8915.1855	12174.4561	802.4865	764.5032	703.7142	689.6385	566.905	566.9017
10	A10	GAPDH	SYBR	2526.5156	2429.4675	2407.9814	2724.0706	3236.3289	3506.53	10326.4209	13126.0039	911.9563	865.1501	809.8842	758.4632	678.0679	678.0683
11	A11	GAPDH	SYBR	1242.093	1360.8788	1250.3118	1253.0166	1568.8381	1506.0642	6295.9082	6072.0757	345.8136	334.6979	339.3878	294.3447	263.0401	263.0401
12	A12	GAPDH	SYBR	1210.2078	1174.9823	1124.6802	1192.8805	1350.3553	1459.6334	6118.8979	5016.6831	260.9197	294.7902	287.6536	261.1999	256.7658	256.7639
13	B1	GAPDH	SYBR	2173.6843	1910.0055	1786.363	1558.5759	1799.9436	1956.3776	2666.1638	13272.1152	576.3027	433.649	406.2629	378.4397	333.2176	333.2195
14	B2	GAPDH	SYBR	3998.2454	3705.7456	3198.5166	2823.3789	2732.2109	3243.8025	4165.4683	17350.8438	746.8357	576.756	553.2247	509.36	459.6368	459.6367
15	B3	GAPDH	SYBR	2853.2114	2728.9827	2503.1536	2359.895	2357.1326	2689.343	4110.6006	16357.2451	625.7182	543.5652	492.451	450.021	408.6222	408.6198
16	B4	GAPDH	SYBR	2617.1045	3320.4158	2876.1155	2676.5098	2639.7366	3403.9302	5256.9883	19378.9824	682.7496	589.4041	570.0579	513.8785	472.6053	472.6025
17	B5	GAPDH	SYBR	3228.1162	3024.3938	2717.0952	2519.5769	2382.51	2424.4333	5256.1206	16193.7129	667.715	579.8503	540.9259	474.1225	423.1734	423.176
18	B6	GAPDH	SYBR	3278.2637	2934.2573	2645.3262	2499.1045	2642.1641	3418.7026	6057.207	16646.7656	666.9162	612.7894	572.0204	521.2204	474.2141	474.2113
19	B7	OSM-9	SYBR	4160.9961	4614.1191	4415.8149	4587.2217	4463.272	4419.4717	4940.562	22169.2969	728.6779	658.0202	629.1629	558.7111	466.4731	466.4704
20	B8	OSM-9	SYBR	3246.3845	3592.6802	4088.6975	4110.9551	4362.5015	4441.0005	5836.4497	25630.877	787.267	767.4689	731.9523	651.2909	561.2432	561.2465
21	B9	OSM-9	SYBR	2591.0901	2585.8948	3132.7832	3465.1355	3903.0044	4288.2725	6035.1714	29711.7266	789.9145	747.5447	752.9591	630.5114	584.8608	584.8616
22	B10	OSM-9	SYBR	2962.5134	3112.9089	3501.0029	4278.8066	4240.4404	4903.4082	7182.522	32131.6621	824.0704	771.7505	803.3715	676.7485	658.8368	658.8414
23	B11	OSM-9	SYBR	1490.0376	1239.1847	1425.1035	1559.9093	1407.6033	1597.0577	2497.1145	12103.8232	312.4248	278.8878	262.0023	240.9162	212.8243	212.8229
24	B12	OSM-9	SYBR	1048.0776	1181.427	1273.8215	1359.8656	1427.192	1347.8287	2096.6267	11243.1396	288.7347	265.6655	254.1113	233.8127	231.3029	231.3029
25	C1	OSM-9	SYBR	1856.7041	2076.6372	2140.822	2087.7942	2168.4937	2256.6289	2143.6201	15880.3789	2729.3171	427.0026	413.1109	344.4037	321.0149	321.0148
26	C2	OSM-9	SYBR	3776.1589	3723.0801	3517.4722	3341.0881	3295.5063	3024.5757	3939.9714	22889.375	2008.0024	652.9652	606.6664	558.7607	492.6135	492.6104
27	C3	OSM-9	SYBR	2559.8701	2318.353	1964.7655	1814.6228	1628.1581	1696.1355	1648.8521	6774.0684	825.5532	581.2299	514.3972	467.9677	410.3061	410.3036
28	C4	OSM-9	SYBR	3165.6931	2893.1309	2805.3247	2538.0227	2512.8003	2634.6484	2877.9207	14105.46	849.7475	643.0835	622.9389	563.0304	535.0256	535.0225
29	C5	OSM-9	SYBR	3815.0247	3833.9009	3623.8452	2880.6777	3937.2847	3825.0068	4268.1655	26394.6406	1096.1566	593.183	557.6089	527.4232	479.6293	479.6293
30	C6	OSM-9	SYBR	2834.7603	2786.8298	2668.3616	2679.647	2667.3396	2960.9792	3526.1252	20717.0254	609.8433	469.3926	457.8105	425.0947	359.8574	359.8553
31	C7	OSM-9	SYBR	3683.3618	3328.2986	3162.783	3070.2998	2852.3813	3116.0496	3757.6797	20545.4551	485.4851	463.8008	447.2027	377.8267	349.4594	349.4575
32	C8	OSM-9	SYBR	3746.8965	4134.7642	4458.791	4565.1807	4729.1094	4962.9165	6114.0659	30616.9629	740.7957	703.4265	682.275	609.4107	519.7963	519.7929
33	C9	OSM-9	SYBR	2321.5996	2466.5056	3185.6982	3758.7822	3931.1689	4543.8438	6548.1421	31349.9707	640.7416	646.2127	629.0564	581.8829	486.2222	486.2193
34	C10	OSM-9	SYBR	2970.3188	2898.908	3030.0127	3852.7593	3911.3774	4760.7109	7163.3281	33485.8984	623.4392	626.1883	571.2043	588.7568	520.1899	520.1871
35	C11	OSM-9	SYBR	1473.9919	1668.7561	1579.1826	1629.5471	1933.6716	1669.8372	3324.269	14615.5713	389.6102	353.8807	369.7099	343.9361	290.2083	290.2103
36	C12	OSM-9	SYBR	1286.4808	1299.5504	1305.5864	1461.1556	1560.1617	1508.2142	2722.719	12878.3877	306.4898	307.85	260.9379	257.7275	232.9774	232.9774
37	D1	TAX-4	SYBR	1485.8992	1601.1635	1412.1263	1321.4048	1281.3762	1713.6935	5457.9438	9022.1719	445.4818	442.024	388.0302	348.4266	326.6829	326.6849
38	D2	TAX-4	SYBR	3025.8499	2516.8523	1814.7927	1845.2582	1956.6541	2401.7222	8095.3828	10256.2637	572.8275	547.4528	477.4228	458.391	395.0446	395.0447
39	D3	TAX-4	SYBR	2117.7561	2142.2837	1821.6908	1625.9188	1824.5308	2177.0479	8689.9209	8361.2451	544.0224	522.0726	454.2283	412.1442	391.8641	391.8618
40	D4	TAX-4	SYBR	2789.7356	2295.8467	2103.4734	1869.3214	2065.946	2334.4497	11387.7891	7459.7607	582.6759	547.18	502.2754	456.367	417.3707	417.3682
41	D5	TAX-4	SYBR	2925.8865	2510.7095	2916.1572	2077.9502	2575.4619	2954.1743	14670.2871	8977.5459	753.1213	689.8885	646.144	563.6144	505.6986	505.7019
42	D6	TAX-4	SYBR	2345.1218	1705.2716	1837.557	1712.2914	1801.899	2178.7742	12585.5859	4846.0254	551.0633	488.3284	448.8362	413.6572	360.1601	360.158
43	D7	TAX-4	SYBR	3419.3208	3057.1724	2917.4814	2444.1956	2849.8223	3330.2822	18834.4668	2404.3254	688.2643	618.9436	590.3383	558.5754	466.0426	466.0399
44	D8	TAX-4	SYBR	3124.7705	3165.0415	2934.2734	2631.6248	2891.9846	3651.8745	20455.8438	1714.4006	729.0187	642.9485	599.9633	585.7809	480.4642	480.4673
45	D9	TAX-4	SYBR	2636.6562	2775.4192	2627.6433	2783.5007	3130.1538	4516.9995	24353.5293	1619.598	985.8913	887.0502	876.9866	757.1363	679.9412	679.9412
46	D10	TAX-4	SYBR	2573.4275	2402.2896	2246.377	2376.8411	2998.4385	4195.2217	24979.7461	1168.0831	907.7919	806.8908	806.912	694.5787	657.8218	657.8256
47	D11	TAX-4	SYBR	1083.8062	1327.3951	1121.0199	1062.4656	1469.4778	1739.9224	11580.6553	403.0171	350.732	331.2299	314.7985	289.6807	244.8199	244.8182
48	D12	TAX-4	SYBR	1369.0159	982.2711	1234.4987	1229.6724	1373.9641	2157.4495	10745.5996	395.0909	374.9887	360.111	321.5096	302.8962	293.0732	293.0733
49	E1	TAX-4	SYBR	1820.0867	1914.8866	1578.0139	1531.1879	1548.7854	1874.7413	7272.353	9116.665	436.1176	471.1272	426.66	385.1613	353.4228	353.4228
50	E2	TAX-4	SYBR	2205.3765	2227.9097	2016.525	1661.7007	1908.6907	2278.3262	9038.627	8855.3242	568.8459	541.2189	458.0073	463.095	390.549	390.5511
51	E3	TAX-4	SYBR	1729.3284	1708.252	1534.5782	1406.6903	1484.7369	1794.4166	9820.6367	5307.0283	467.5546	435.4008	376.4683	360.4956	326.1646	326.1664
52	E4	TAX-4	SYBR	3067.6477	3158.8032	2713.0225	2649.0239	2723.0562	3367.9399	16943.6797	6289.9224	714.4565	640.55	609.8182	521.5131	490.6668	490.6699
53	E5	TAX-4	SYBR	2827.5315	2297.0312	2698.5852	2052.7571	2578.2178	2833.2473	17808.7324	5470.3999	771.4846	687.67	669.5266	589.2625	483.8714	483.8741
54	E6	TAX-4	SYBR	2565.1184	2362.1155	1941.2501	1917.896	1994.7563	2423.6414	14504.4766	2728.1177	558.567	489.9438	449.2137	402.1876	353.8279	353.83
55	E7	GAPDH	SYBR	1674.2167	1296.8965	1020.61	734.1957	679.979	629.8969	591.5392	491.7135	435.2091	373.5334	359.8137	275.4401	268.6663	268.6679
56	E8	OSM-9	SYBR	1888.6511	1520.8724	1164.1141	950.248	836.7629	939.5485	911.1902	796.7551	733.2072	563.7526	620.6961	532.4232	449.6107	449.613
57	E9	TAX-4	SYBR	3272.3303	2902.51	2976.5215	3379.0496	4077.0347	5732.3398	36629.3438	1048.0518	515.8142	436.9487	438.6356	334.2589	287.9328	287.933