* Block Type = 96well
* Chemistry = SYBR_GREEN
* Experiment File Name = D:\Documents and Settings\Talaat\Desktop\Zamanian\Nic\20191023.eds
* Experiment Run End Time = 2019-10-23 13:53:42 PM CDT
* Instrument Type = steponeplus
* Passive Reference = ROX

[Melt Region Normalized Data]
Well	Well Location	Target	Reporter Dye	Reading 1	Reading 2	Reading 3	Reading 4	Reading 5	Reading 6	Reading 7	Reading 8	Reading 9	Reading 10	Reading 11	Reading 12	Reading 13
1	A1	OSM-9	SYBR	12510.2891	10708.791	8940.0127	7332.4448	5836.4341	4372.877	3100.8054	1949.6322	884.9734	-68.3142	-982.2228	-1793.9106	-2511.2009
2	A2	OSM-9	SYBR	21486.0918	18849.2969	16403.9043	14141.1758	12061.8418	10145.7314	8438.4443	6875.8442	5475.8228	4007.6379	2773.0813	1660.83	676.7231
3	A3	OSM-9	SYBR	17672.5586	15418.1719	13364.6953	11460.9072	9672.0342	7996.4912	6489.9976	5115.5576	3839.1199	2668.8374	1637.9321	682.2444	-131.3883
4	A4	OSM-9	SYBR	21847.5371	19336.666	16997.3809	14866.1055	13128.7041	11271.6992	9566.3652	8069.5771	6724.6387	5467.1523	4377.9087	3282.3035	2392.4395
5	A5	OSM-9	SYBR	137876.4062	129456.625	121040.6484	112659.9922	104478.7188	95685.4375	87254.4062	76965.9922	4794.3486	2633.3604	1353.8953	257.2843	-685.7521
6	A6	OSM-9	SYBR	104351.3984	97466.5938	90585.2422	83928.8984	77417.0625	70831.25	64379.7305	56411.4688	2938.7991	1376.6747	371.8808	-467.1292	-1211.1034
7	A7	OSM-9	SYBR	152671.0781	143092.8438	133919.6875	124908.4375	116104.2656	106608	97279.7344	83884.0078	7494.4409	5084.1313	3610.9724	2370.5095	1270.2194
8	A8	OSM-9	SYBR	160915.5	152107.0156	143308.3281	134085.9844	124467.5547	114216.9688	104468.6484	89732.3203	9451.3643	6953.6377	5451.6641	4084.002	2921.01
9	A9	OSM-9	SYBR	155899.9062	149707.25	142240.0781	133811.9375	125289.0938	115576.5859	106075.7422	90309.2344	8325.4688	5967.5947	4499.3447	3184.0825	2026.6166
10	A10	OSM-9	SYBR	173319.4531	166101.8906	158840.9062	150723.8281	141523.1094	131401.5156	120610.9766	101802.4688	11004.7197	8474.9736	6851.0522	5421.1313	4115.272
17	B5	OSM-9	SYBR	122138.4219	115188.3203	107763.1406	99872.4219	92531.0547	84517.8516	77359.0391	67920.8984	5677.5317	3997.6191	2781.7339	1716.96	818.8719
18	B6	OSM-9	SYBR	127995.0781	120108.8203	112311.0156	104406.9297	96727.8828	88362.3047	80212.3438	69295.7578	5398.0498	3422.5664	2057.3711	930.5967	-35.0126
19	B7	OSM-9	SYBR	160480.1875	150014.1562	139925.3281	129646.3516	119894.1562	109413.625	98843.9062	84445.8906	7778.064	5607.0601	4114.2119	2811.9121	1661.9106
20	B8	OSM-9	SYBR	165704.7188	156153.75	146782.3594	136877.375	127441.8359	116955.0078	106248.0078	90723.0703	9665.6396	7154.7603	5513.7339	4172.2896	2964.5754
21	B9	OSM-9	SYBR	154004.5781	148823.6719	141964.8125	134272.4219	126172.9453	116656.9609	106563.7109	90517.1328	9111.6797	6939.54	5433.0723	4068.0393	2857.2629
22	B10	OSM-9	SYBR	164221.4844	157761.0469	150246.5938	142177.8594	133936.0469	124385.1094	113603.7266	95138.9141	9401.2695	7258.6104	5717.0571	4304.3984	3018.947
25	C1	TAX-4	SYBR	15702.3164	13627.4102	11711.0107	10308.3711	8745.166	7125.0405	5766.6748	4594.7949	3404.5056	2262.1868	1294.4272	390.1105	-300.0439
26	C2	TAX-4	SYBR	25060.2656	21607.2441	18610.5156	15976.666	13610.8867	11480.2275	9569.5459	7603.9565	5813.5034	4229.1909	3012.489	1838.4412	808.7891
27	C3	TAX-4	SYBR	21394.5859	18481.6055	15925.7969	13566.4844	11390.3311	9510.5693	7636.3052	5985.8496	4399.1113	2964.3911	1787.0092	715.6121	-228.4227
28	C4	TAX-4	SYBR	24669.9785	21547.2461	18786.6445	16515.8535	14263.085	11987.8525	10353.5215	8483.3887	6754.1694	5142.377	3728.4126	2615.8604	1534.4933
29	C5	TAX-4	SYBR	122925.4609	113496.6328	104767.4609	97423.4766	90266.4297	83381.4922	74462.9062	17085.4531	10074.9619	5455.6118	3754.52	2518.5059	1477.8152
30	C6	TAX-4	SYBR	102584.6797	95913.0781	89526.2734	84640.3516	78935.5391	71856.3906	64337.7266	13005.7744	8505.6943	5316.1377	3688.9331	2551.0669	1572.4841
31	C7	TAX-4	SYBR	79576.6406	74089	69181.9219	64700.0625	59491.2773	53282.9688	47575.3516	7501.5771	5618.0527	4128.9316	2819.7893	1735.4821	780.6609
32	C8	TAX-4	SYBR	110208.2969	104892.6953	100015.2266	94878.0938	88486.5859	80243.2734	71116.5	12454.3018	10101.1582	8047.5928	6400.4224	4819.6445	3517.6926
33	C9	TAX-4	SYBR	131824.5781	125716.5234	119481.9219	113491.2656	106938.9844	97799.3594	85371.3047	15519.4277	10549.3135	7693.7676	6096.2393	4746.647	3531.3057
34	C10	TAX-4	SYBR	137229.3281	130919.3594	124346.2734	118092.9609	111445.2969	102443.4062	89864.3125	17785.9258	12134.3467	8097.4258	6622.1885	5174.6562	3842.5359
37	D1	OCR-1/2a	SYBR	14582.2432	12780.5088	11027.6123	9548.0234	8101.4214	6567.0068	5297.7622	4139.6543	2969.6873	2007.3457	1008.2394	137.6858	-522.114
38	D2	OCR-1/2a	SYBR	20370.1133	17363.334	14801.4072	12548.7539	10573.0488	8813.9639	7126.9414	5506.9727	3907.3508	2672.7568	1505.1107	467.2314	-394.1748
39	D3	OCR-1/2a	SYBR	17709.9316	15524.6289	13366.627	11402.2354	9476.8984	7790.5762	6352.3584	4912.2788	3518.3796	2246.2673	1228.3096	235.3621	-578.3483
40	D4	OCR-1/2a	SYBR	20722.9668	18068.7461	15716.002	13554.3223	11637.3047	9657.4365	8136.7988	6683.3511	5106.707	3752.5317	2580.0667	1622.3352	751.9664
41	D5	OCR-1/2a	SYBR	31850.4512	29145.5293	25600.1328	23132.1328	20366.8887	17286.8691	14830.875	8068.1553	6189.7002	4830.3794	3525.5745	2393.3752	1408.2355
42	D6	OCR-1/2a	SYBR	19744.6602	17593.4824	15368.7959	13357.9385	11443.2529	9760.125	8095.5967	3263.5161	1995.3132	940.2747	-13.1826	-818.033	-1504.4071
43	D7	OCR-1/2a	SYBR	48099.5898	43665.4922	39335.4023	35136.1289	31227.3848	27329.3223	23502.1836	8967.6768	7109.0024	5539.0513	4179.4653	3021.9246	1935.8312
44	D8	OCR-1/2a	SYBR	50002.7656	45856.2969	41453.3281	37354.7617	33259.1484	29261.9219	25236.2305	9715.4219	7890.3911	6212.2461	4870.728	3630.167	2600.4739
45	D9	OCR-1/2a	SYBR	59423.6172	55517.1602	51300.7578	46983.4297	42710.8633	38026.9766	32789.1367	11456.416	9477.7969	7800.5718	6291.4893	5029.5078	3937.01
46	D10	OCR-1/2a	SYBR	57020.5586	53434.4883	49159.7852	44857.8945	40521.4883	35968.2422	30426.9707	9179.3105	7249.8853	5537.9092	4141.8496	2879.8582	1716.0137
49	E1	Y45F10D.4	SYBR	146163.7031	140760.0469	134060.6875	128038.8906	121871.6953	115327.2031	108715.75	103308.4453	93769.8359	8401.2773	749.4376	-378.8896	-1280.8511
50	E2	Y45F10D.4	SYBR	157899.6875	149347.5469	141187.6406	133326.9062	126937.0391	119624.8594	111316.1172	102449.5391	91538.8828	4503.5239	902.3602	-215.2526	-1133.3453
51	E3	Y45F10D.4	SYBR	132060.375	125929.0156	119529.1562	113263.5781	107174.0703	100518.3438	93996.9688	86507.8047	78394.1953	2921.9094	161.6848	-834.3852	-1588.0782
52	E4	Y45F10D.4	SYBR	200753.0312	190978.4688	181828.125	172091.0781	164280.8281	154617.5	145471.9062	134757.0781	121206.8047	6405.1323	3334.9575	1900.7727	754.7056
53	E5	Y45F10D.4	SYBR	199194.4375	192165.5625	185891.6406	178723.7344	170975.2031	160455.9844	151074.1562	139347.1719	124435.2266	7645.9277	4578.5098	3142.7458	1959.2318
54	E6	Y45F10D.4	SYBR	166780.2344	158250.5625	148775.4062	141133.2031	132938.0781	125238.5391	117420.2266	107710.2031	96226.5391	5128.5068	3099.1174	1975.5138	1052.9889
55	E7	Y45F10D.4	SYBR	199106.8125	188643.3906	179456.875	170398.5156	162233.9844	153341.375	143778.9219	132207.9531	116818.25	6406.6724	4397.9878	2988.2251	1821.2128
56	E8	Y45F10D.4	SYBR	181806.125	171240.5312	161761.5156	153847.9219	145542.8594	137974.4375	131594.1094	119744.5312	104721.1016	4855.3081	3189.7837	1914.8809	873.1038
57	E9	Y45F10D.4	SYBR	210272.8594	203320.0938	196274.4844	189600.8125	182604.5938	173096.0469	162752.9219	150227.6875	132040.7969	8504.4316	6410.2476	4791.981	3510.2026
58	E10	Y45F10D.4	SYBR	224581.8594	216537.8281	209577.7812	202423.5781	193625.8906	184161.3281	172607.4062	157939.5781	135459.3438	7811.9854	5740.0698	4101.7827	2658.5415
61	F1	Y45F10D.4	SYBR	133455.2031	128840.7812	122468.4844	116567.2578	110668.0703	104550.6328	98214.4219	91954.3047	84077.2188	8727.4209	436.628	-571.2426	-1373.3787
62	F2	Y45F10D.4	SYBR	145406.2656	140105.25	134356.1562	129544.0156	123966.4375	118145.1016	111729.5078	103956.7188	93969.4688	9200.5283	5012.8115	3890.1912	2924.48
63	F3	Y45F10D.4	SYBR	123464.7422	119290.2188	113167.6406	107315.3359	102066.6328	95530.4766	89864.9219	84011.9141	74966.0781	3319.7327	515.1364	-388.8984	-1133.0389
64	F4	Y45F10D.4	SYBR	155699.3594	148728.0938	142237.8438	135080.2656	129423.9453	122366.8516	115374.6406	107872.2578	97508.0938	5941.3594	3600.3489	2357.176	1425.9463
65	F5	Y45F10D.4	SYBR	172239.125	162487.1875	155311.2344	145860.375	138412.1562	131343.2344	124911.6641	114354.6875	102375.8906	5265.3599	2661.3599	1454.1805	412.2823
66	F6	Y45F10D.4	SYBR	178093.1094	167941.6562	157703.875	149071.4219	140367.0781	132163.8281	123879.7734	113504.7812	101057.2188	5022.9805	2900.2251	1691.8877	706.3307
67	F7	Y45F10D.4	SYBR	164307.75	154951.625	146161.2656	139564.5938	131325.3594	123560.9297	115057.7109	104910.4844	91973.3047	527.7091	-1157.01	-2321.0818	-3296.8987
68	F8	Y45F10D.4	SYBR	202911.5	193098.2344	184172.625	175755.8438	166661.0469	158235.4219	148311.9375	135516.1875	119318.3047	3979.8328	1924.7415	431.9754	-791.5908
69	F9	Y45F10D.4	SYBR	205800.9219	198118.9531	191312.8594	184348.5625	177379.8125	168139.5781	157675.1562	144886.2344	126596.0859	6272.4277	4132.4009	2621.105	1231.4098
70	F10	Y45F10D.4	SYBR	221551.5156	213812.7031	206980.1094	198958.0469	189932.5312	179615.0781	167596.9219	153687.9062	132229.3594	7652.9893	5679.1021	3953.5879	2560.8083
73	G1	Y45F10D.4	SYBR	164349.0781	157871.1094	150442.0938	143427.9219	136641.7344	128772.9297	124043.0938	116205.9297	106317.8047	17704.0605	3425.6614	2172.2012	1161.0582
74	G2	Y45F10D.4	SYBR	137436.7031	130332.5234	123564.6719	117128.3438	110772.125	105050.1641	100029.0547	92452.7422	82892.5547	5570.0352	787.1931	-220.3409	-1071.653
75	G3	Y45F10D.4	SYBR	139962.5469	133094.7969	126715.4375	120252.6797	113886.9688	107582.2031	101267.8359	94407.3281	84957.3125	4526.6797	1225.256	192.4062	-657.0254
76	G4	Y45F10D.4	SYBR	135769.375	129745.6328	123967.2891	117898.7891	112499.4531	106283.3203	100413.5625	92660.2656	82806.5	3649.7129	1477.7617	463.5425	-385.4306
79	G7	OSM-9	SYBR	11872.7812	10050.8936	8407.1436	6955.8091	5644.9277	4606.646	3544.2998	2445.877	1483.8344	686.632	-11.2399	-612.3275	-1132.9259
80	G8	TAX-4	SYBR	14673.1523	12303.877	10275.2637	8525.375	6905.6797	5385.2534	3988.3604	2678.6243	1549.3864	542.4678	-264.4332	-1036.522	-1696.1536
81	G9	OCR-1/2a	SYBR	12698.1387	11302.4902	9985.0322	8647.6689	7380.4775	6091.0684	4890.6313	3748.9934	2753.8909	1887.3857	1217.972	568.1467	-10.0418
82	G10	Y45F10D.4	SYBR	15402.5586	13362.6123	11466.1172	9796.916	8080.6357	6425.0049	4891.8071	3464.2456	2281.4058	1261.5479	471.5378	-258.2429	-914.0849
