Well	Well Location	Target	Reporter Dye	Reading 1	Reading 2	Reading 3	Reading 4	Reading 5	Reading 6	Reading 7	Reading 8	Reading 9	Reading 10	Reading 11	Reading 12	Reading 13	Reading 14
1	A1	GAPDH	SYBR	67173.8203	62647.1562	57788.0742	53574.5039	49387.0078	44866.6914	39893.5977	33911.7031	4747.8682	3533.4229	2351.3291	1263.3904	278.8138	-592.6323
2	A2	GAPDH	SYBR	100088.4141	91316.8203	83702.1328	77025.2422	70834.1406	64362.5977	57515.0977	48901.7656	10134.6064	8271.7412	6635.8745	5118.6909	3729.8027	2449.3914
3	A3	GAPDH	SYBR	89647.625	83156.5234	77027.3672	71635.3828	66403.7812	60513.3633	54187.0234	45155.5352	7668.2451	6198.9214	4882.7798	3669.7297	2526.1033	1456.4103
4	A4	GAPDH	SYBR	89560.5234	82262.6406	75161.5078	69140.7188	63402.1094	57387.293	50969.5625	41708.5039	7823.1177	6432.5874	5113.1641	3901.5303	2777.3135	1713.0326
5	A5	GAPDH	SYBR	102620.2422	94552.3359	86716.2344	79762.5078	72958.375	65789.5547	58217.5312	46137.6836	6795.8047	5088.6763	3568.0747	2150.9634	866.7031	-308.9106
6	A6	GAPDH	SYBR	78381.0938	71613.7188	65044.3359	59595.0117	54179.8359	48610.6328	42806.7695	33072.4805	4983.6104	3705.0967	2576.3367	1459.415	408.4993	-524.4296
7	A7	GAPDH	SYBR	119338.1094	110213.9219	101892.0469	94302.5312	86764.3828	78837.3125	69998.3438	50222.4023	12276.1914	10188.7119	8293.0723	6589.2808	4950.6201	3515.8809
8	A8	GAPDH	SYBR	126170.5312	117629.1875	108932.5703	100979.7344	92806.1562	83846.8438	74307.8594	50626.3125	12149.3105	10102.0781	8261.2783	6588.4043	5007.6279	3680.3411
9	A9	GAPDH	SYBR	109104.4531	103124.4766	97148.5625	90777.9219	83798.0703	76104.5391	67887.2422	45345.168	14368.4453	12320.584	10337.5361	8575.083	6814.8501	5322.3647
10	A10	GAPDH	SYBR	120625.0391	114121.0156	107701.625	101504.2031	94492.1328	86047.9375	77054.375	50943.9883	17546.1445	15218.9277	12974.8125	10946.4678	9010.5557	7385.8657
11	A11	GAPDH	SYBR	55732.957	52531.3359	48934.5469	45726.7461	42504.1133	38403.3164	34555.7969	18656.7461	3135.8723	2257.9197	1386.3646	539.2157	-211.9525	-818.8441
12	A12	GAPDH	SYBR	48732.793	45613.3672	42507.8867	39622.4141	36554.4453	33024.7461	29295.8164	13843.7686	1020.6692	358.2453	-409.3851	-1127.3954	-1793.9779	-2323.9453
13	B1	GAPDH	SYBR	74447.2656	68868.0859	63849.1484	59234.25	55216.0703	50505.4453	45499.0938	38735.2695	4888.7026	3417.9248	2300.4597	1272.1252	303.8864	-575.2791
14	B2	GAPDH	SYBR	114550.1562	104287.875	94550.3125	86287.25	79008.3125	71857.8203	63556.9688	52989.5508	8741.4062	6835.4009	5349.1558	3948.8391	2645.6404	1432.9359
15	B3	GAPDH	SYBR	100182.4219	92807.1562	85616.2891	79151.625	73070.4453	66934.1094	60026.8281	49623.3164	7959.7153	6362.3184	4962.0342	3721.2507	2569.0605	1494.9185
16	B4	GAPDH	SYBR	118906.5156	112141.5625	103392.2344	95964.3828	89067.2656	82195.2344	73452.5625	60147.6641	10787.3818	9044.3994	7526.0386	6089.7251	4774.0483	3531.7144
17	B5	GAPDH	SYBR	105626.3516	97341.3984	89353.0547	82369.8438	75881.6719	69674.7344	63456.7891	50168.832	8949.4375	7247.6895	5754.0547	4390.4404	3181.2888	2066.6035
18	B6	GAPDH	SYBR	111709.6484	103295.9922	95545.7188	88746.9609	82311.5156	75428.125	66660.1953	51346.9336	8974.3418	7274.6396	5696.1577	4254.1494	2924.8845	1675.76
19	B7	OSM-9	SYBR	148107.7344	137386.5	125189.5469	113832.5156	102028.2031	90413.4609	79058.9609	66564.3203	10096.8193	8238.832	6530.2251	4957.3174	3528.9709	2299.3044
20	B8	OSM-9	SYBR	156445.2031	148080.5469	138583.6875	128067.9609	117489.2344	106136.7188	94726.9141	79966.5	14682.3809	12675.0039	10682.1904	8852.3096	7187.2822	5707.7842
21	B9	OSM-9	SYBR	159867.375	153197.1094	146364.375	138301.5312	129381.9297	119198.2422	108199.6562	92939.7969	17341.1875	15325.3965	13386.3506	11500.5645	9891.2471	8359.5293
22	B10	OSM-9	SYBR	175932.6719	168306.2812	160081.0469	151070.5	140056.4375	128992.2656	116415.9922	98254.9609	16499.0605	14396.1182	12394.2725	10382.2285	8654.8965	7067.1069
23	B11	OSM-9	SYBR	61127.4102	57286.6914	54011.5156	50355.2734	46343.3438	42664	38583.9961	32278.0352	1339.5594	546.3745	-179.8463	-833.8283	-1448.6471	-1936.7148
24	B12	OSM-9	SYBR	54287.9492	51586.4219	48463.918	45195.7891	41698.3516	37967.8008	34524.5195	29229.9102	491.2474	-241.7933	-933.5869	-1567.8726	-2164.5596	-2645.1936
25	C1	OSM-9	SYBR	90473.6953	85708.0781	80251.3047	74720.6875	69338.125	63662.9688	57888.2422	52450.1055	11952.1816	4986.709	3886.3643	2840.6965	1959.5391	1112.5743
26	C2	OSM-9	SYBR	136481.8125	126789.5234	117006.3906	107919.3906	99305.75	90681.0859	82941.1797	72945.875	14573.3574	9448.7168	7766.0884	6230.4922	4800.9097	3501.2
27	C3	OSM-9	SYBR	60613.125	53996.1172	47887.2344	42813.0391	38136.9297	33898.3711	29542.0078	25368.9297	8114.7764	6007.2192	4509.9155	3213.844	2015.7123	937.1438
28	C4	OSM-9	SYBR	97535.9531	89352.9531	81729.5469	74484.4922	67944.2891	61402.7148	54635.9141	47352.1875	11424.333	9255.0098	7598.3657	6028.8037	4587.2754	3180.8574
29	C5	OSM-9	SYBR	145951.3594	136160.0938	126033.625	116719.9844	109301.9766	99044.5938	89234.6094	78444.2969	11259.1113	8465.4482	6937.4697	5531.791	4186.6987	2923.3101
30	C6	OSM-9	SYBR	111730.8281	104455.4141	97094.5703	90236.6094	83336.2812	76387.3516	68793.3359	59878.9688	7145.6396	5591.394	4382.2793	3228.1826	2144.0601	1196.1619
31	C7	OSM-9	SYBR	117398.8516	107908.3125	99110.2734	90975.9219	83075.1094	75652.3203	67646.5703	58143.4258	5812.0215	4574.1372	3369.8303	2251.8235	1285.9141	364.7064
32	C8	OSM-9	SYBR	175601.5625	165947.2969	155017.4375	143549.875	131802.2812	119495.6719	106744.9609	91282.5391	13297.9531	11409.0801	9582.5605	7876.874	6318.9224	4948.6914
33	C9	OSM-9	SYBR	161612.4688	155635.9844	149118.7656	140919.7344	131244.2812	120987.0469	109333.0391	92776.0391	13009.0801	11373.9736	9697.7617	8122.2891	6637.0923	5367.7554
34	C10	OSM-9	SYBR	170774.0938	163127.5938	155467.8438	147669.5	137752.1094	127546.5312	115336.3125	97223.8047	12022.6973	10431.7354	8807.4639	7376.8818	5874.1401	4616.1699
35	C11	OSM-9	SYBR	76334.7422	72535.375	68124.8438	64073.2969	59882.2617	54827.8242	50561.8867	42167.1133	4808.3784	3819.2354	2897.7283	1974.8979	1097.1724	434.0497
36	C12	OSM-9	SYBR	64572.3906	61256.3555	57821.6367	54472.0273	50714.0859	46635.9961	42782.957	35907.2734	2988.7446	2210.6272	1408.9849	757.6556	99.9344	-386.1166
37	D1	TAX-4	SYBR	65475.582	61661.7266	57454.3359	53806.2461	50399.5156	47046.0352	42660.6836	28814.4512	5806.0962	4669.1851	3530.1382	2547.9546	1656.5043	794.5799
38	D2	TAX-4	SYBR	89047.0625	81280.6328	74667.1172	69978.7734	65221.5234	60100.7383	53954.7539	33417.4883	7261.9512	5800.0332	4389.2998	3180.8528	2008.0585	965.7737
39	D3	TAX-4	SYBR	80437.1172	74962.9297	69318.0156	64613.2969	60423.4805	55673.6719	50082.1641	28088.8477	6791.8877	5403.0518	4058.135	2913.6577	1858.4438	828.3535
40	D4	TAX-4	SYBR	90561.2656	83350.0859	77300.5	71868.0781	67051.0078	61672.7266	55676.9102	26855.5645	7854.8911	6367.376	4957.7876	3692.2581	2523.8274	1426.6882
41	D5	TAX-4	SYBR	113035.7969	105526.5078	98894.9531	91400.1406	86049.1953	79339.6094	71763.0547	34675.2266	11823.8301	9904.4141	8127.332	6498.4751	5061.0933	3729.0273
42	D6	TAX-4	SYBR	79957.3281	73938.5703	69434.4375	64711.7383	60302.4102	55608.1133	50020.1875	18202.4805	5867.4321	4462.9927	3205.1086	2073.6355	1018.6821	69.9866
43	D7	TAX-4	SYBR	110068.7812	101258.5547	93177.2422	85673.7734	79384.1172	71968.0469	63411.8828	15779.6738	9655.6084	7900.6694	6293.5273	4817.6812	3389.6814	2161.1497
44	D8	TAX-4	SYBR	115821.75	107770.4609	99404	91857.3438	85085.3828	77559.5781	68177.1875	16444.2148	12077.4844	10218.6299	8549.1465	7049.2383	5551.687	4285.1309
45	D9	TAX-4	SYBR	132364.25	125576.7188	118243.2109	111480.4453	104315.4453	96148.2812	84563.0625	22985.4551	18864.5449	16348.6396	14047.7324	11851.3174	9918.8047	8149.2832
46	D10	TAX-4	SYBR	126348.2031	119723.4141	113375.8438	107594.3516	101476.1328	93652.5938	82892.6719	19731.2988	16759.2266	14442.6357	12349.6396	10328.7275	8555.8857	6959.7026
47	D11	TAX-4	SYBR	54330.8242	51537.207	48028.8945	45152.8086	42420.25	38579.1719	34134.1914	4889.5728	3859.4243	2968.9846	2106.4658	1320.6993	581.4336	24.0254
48	D12	TAX-4	SYBR	54507.3711	50978.5977	48382.4648	45215.2383	42052.6445	38461.2305	32949.6211	5813.7686	4803.8745	3851.8516	2914.1208	2111.6028	1338.6111	724.7922
49	E1	TAX-4	SYBR	73288.7188	68617.1172	63585.3867	59508.7422	55561.1992	51507.8555	46710.4141	28261.1035	5011.769	3898.7495	2684.6995	1604.7427	619.3066	-313.163
50	E2	TAX-4	SYBR	84147.25	78486.7266	72632.4375	67422.9375	63138.8945	58143.6641	52313.4102	29383.3535	6800.4956	5348.7476	3954.0859	2794.7759	1609.9463	579.5172
51	E3	TAX-4	SYBR	68203.8438	63733.6992	59232.4648	55269.2734	51644.3672	47779.1523	43170.3633	18315.3242	4797.7705	3604.1489	2482.5083	1533.9562	610.9786	-246.4128
52	E4	TAX-4	SYBR	113905.2891	105975.7266	97652.2734	90645.6406	83819.3672	76730.4297	68080.2031	25197.4609	9176.377	7352.4399	5702.3223	4165.8291	2830.5974	1540.7773
53	E5	TAX-4	SYBR	110232.8125	102975.9297	96908.7891	89973.1094	84687.0469	77970.25	70703.8281	25681.4492	11757.1211	9790.916	8019.5498	6331.7368	4828.9453	3554.3752
54	E6	TAX-4	SYBR	85051.9297	78468.5391	72229.4844	67240.25	62301.4727	57104.7188	50888.8125	14219.9492	7275.8125	5852.249	4590.2046	3457.7866	2432.0903	1500.0688
55	E7	GAPDH	SYBR	24432.9336	20119.1484	16690.9297	14066.0234	12176.7275	10407.2207	8788.8906	7292.8838	6040.439	4930.7407	3960.8225	3061.2883	2357.1248	1648.8912
56	E8	OSM-9	SYBR	36485.7188	31619.4238	27599.1445	24605.1582	22159.8965	19982.3926	17568.5039	15264.0977	13234.6797	11365.1455	9901.3037	8349.5625	6988.4209	5803.1987
57	E9	TAX-4	SYBR	160906.7656	152482.7812	144813.4531	137152.7344	128454.7266	117816.9609	103114.625	10497.1992	7830.5337	6514.2305	5380.8286	4282.2656	3429.1033	2682.1191